     1.000000    0.001821
     0.999717    0.001898
     0.998919    0.002117
     0.997674    0.002462
     0.996008    0.002927
     0.993940    0.003507
     0.991487    0.004200
     0.988660    0.005003
     0.985470    0.005914
     0.981928    0.006931
     0.978042    0.008054
     0.973824    0.009281
     0.969282    0.010611
     0.964424    0.012040
     0.959259    0.013569
     0.953794    0.015196
     0.948037    0.016923
     0.941998    0.018754
     0.935691    0.020690
     0.929132    0.022732
     0.922341    0.024879
     0.915337    0.027123
     0.908138    0.029454
     0.900758    0.031858
     0.893210    0.034320
     0.885504    0.036826
     0.877645    0.039357
     0.869637    0.041899
     0.861478    0.044436
     0.853162    0.046957
     0.844685    0.049458
     0.836043    0.051937
     0.827237    0.054394
     0.818273    0.056831
     0.809159    0.059246
     0.799905    0.061632
     0.790516    0.063981
     0.780995    0.066282
     0.771342    0.068525
     0.761553    0.070706
     0.751623    0.072820
     0.741550    0.074870
     0.731332    0.076857
     0.720971    0.078786
     0.710469    0.080662
     0.699833    0.082490
     0.689069    0.084273
     0.678188    0.086014
     0.667200    0.087714
     0.656115    0.089373
     0.644940    0.090989
     0.633686    0.092560
     0.622362    0.094085
     0.610974    0.095561
     0.599532    0.096986
     0.588043    0.098357
     0.576513    0.099671
     0.564952    0.100927
     0.553364    0.102122
     0.541758    0.103254
     0.530139    0.104320
     0.518514    0.105318
     0.506891    0.106246
     0.495274    0.107102
     0.483671    0.107884
     0.472086    0.108591
     0.460528    0.109220
     0.449000    0.109769
     0.437508    0.110238
     0.426059    0.110625
     0.414658    0.110928
     0.403308    0.111147
     0.392016    0.111280
     0.380786    0.111326
     0.369624    0.111286
     0.358532    0.111159
     0.347517    0.110946
     0.336582    0.110646
     0.325731    0.110260
     0.314970    0.109791
     0.304301    0.109239
     0.293732    0.108607
     0.283266    0.107897
     0.272910    0.107112
     0.262670    0.106254
     0.252553    0.105326
     0.242566    0.104328
     0.232717    0.103262
     0.223011    0.102130
     0.213458    0.100933
     0.204063    0.099668
     0.194833    0.098337
     0.185773    0.096939
     0.176888    0.095472
     0.168183    0.093938
     0.159661    0.092336
     0.151326    0.090666
     0.143182    0.088930
     0.135232    0.087129
     0.127478    0.085264
     0.119926    0.083338
     0.112578    0.081354
     0.105440    0.079313
     0.098516    0.077218
     0.091811    0.075071
     0.085331    0.072873
     0.079081    0.070622
     0.073065    0.068319
     0.067285    0.065963
     0.061744    0.063554
     0.056442    0.061091
     0.051383    0.058576
     0.046567    0.056007
     0.041993    0.053382
     0.037659    0.050702
     0.033558    0.047969
     0.029688    0.045189
     0.026046    0.042370
     0.022633    0.039519
     0.019453    0.036642
     0.016507    0.033744
     0.013796    0.030830
     0.011324    0.027904
     0.009091    0.024971
     0.007101    0.022035
     0.005354    0.019099
     0.003852    0.016167
     0.002596    0.013243
     0.001588    0.010330
     0.000827    0.007433
     0.000313    0.004553
     0.000044    0.001697
     0.000020   -0.001127
     0.000243   -0.003912
     0.000718   -0.006649
     0.001451   -0.009336
     0.002446   -0.011969
     0.003708   -0.014546
     0.005238   -0.017065
     0.007042   -0.019525
     0.009122   -0.021924
     0.011480   -0.024262
     0.014118   -0.026540
     0.017038   -0.028756
     0.020241   -0.030914
     0.023730   -0.033014
     0.027500   -0.035062
     0.031546   -0.037059
     0.035863   -0.039003
     0.040445   -0.040891
     0.045293   -0.042718
     0.050404   -0.044481
     0.055780   -0.046181
     0.061418   -0.047816
     0.067315   -0.049385
     0.073472   -0.050886
     0.079887   -0.052320
     0.086559   -0.053686
     0.093488   -0.054986
     0.100671   -0.056222
     0.108105   -0.057397
     0.115784   -0.058514
     0.123701   -0.059574
     0.131850   -0.060577
     0.140225   -0.061521
     0.148820   -0.062405
     0.157631   -0.063227
     0.166653   -0.063986
     0.175883   -0.064679
     0.185320   -0.065306
     0.194963   -0.065867
     0.204810   -0.066364
     0.214859   -0.066803
     0.225106   -0.067190
     0.235543   -0.067531
     0.246161   -0.067832
     0.256949   -0.068096
     0.267895   -0.068324
     0.278990   -0.068517
     0.290221   -0.068675
     0.301580   -0.068798
     0.313057   -0.068883
     0.324642   -0.068929
     0.336327   -0.068934
     0.348104   -0.068896
     0.359967   -0.068813
     0.371908   -0.068683
     0.383922   -0.068506
     0.396002   -0.068281
     0.408141   -0.068008
     0.420332   -0.067687
     0.432570   -0.067318
     0.444847   -0.066902
     0.457156   -0.066439
     0.469490   -0.065930
     0.481843   -0.065375
     0.494206   -0.064775
     0.506574   -0.064131
     0.518938   -0.063444
     0.531291   -0.062713
     0.543626   -0.061942
     0.555936   -0.061129
     0.568213   -0.060277
     0.580450   -0.059385
     0.592640   -0.058456
     0.604774   -0.057490
     0.616845   -0.056488
     0.628846   -0.055450
     0.640770   -0.054378
     0.652608   -0.053271
     0.664355   -0.052131
     0.676003   -0.050958
     0.687546   -0.049752
     0.698978   -0.048515
     0.710291   -0.047248
     0.721479   -0.045951
     0.732538   -0.044624
     0.743459   -0.043271
     0.754238   -0.041890
     0.764868   -0.040483
     0.775346   -0.039050
     0.785667   -0.037593
     0.795826   -0.036113
     0.805821   -0.034613
     0.815648   -0.033095
     0.825303   -0.031564
     0.834783   -0.030024
     0.844084   -0.028480
     0.853201   -0.026938
     0.862127   -0.025404
     0.870857   -0.023884
     0.879383   -0.022384
     0.887698   -0.020908
     0.895794   -0.019464
     0.903662   -0.018056
     0.911293   -0.016687
     0.918679   -0.015361
     0.925810   -0.014081
     0.932679   -0.012851
     0.939278   -0.011675
     0.945598   -0.010556
     0.951630   -0.009498
     0.957365   -0.008505
     0.962793   -0.007581
     0.967900   -0.006727
     0.972676   -0.005948
     0.977107   -0.005240
     0.981181   -0.004603
     0.984888   -0.004033
     0.988220   -0.003529
     0.991168   -0.003089
     0.993722   -0.002714
     0.995869   -0.002403
     0.997596   -0.002157
     0.998885   -0.001975
     0.999708   -0.001861
     1.000000   -0.001821
