    0.7500000000     0.0000000000
    0.7431472000     0.0013507300
    0.7309655000     0.0024303800
    0.7138191500     0.0039217800
    0.6919776500     0.0061456700
    0.6657321200     0.0089435900
    0.6354252000     0.0120800000
    0.6014861000     0.0156057900
    0.5643825400     0.0194546200
    0.5246168000     0.0234647500
    0.4827219500     0.0273989900
    0.4392612600     0.0309892100
    0.3948295900     0.0340203800
    0.3500403300     0.0362518100
    0.3055215000     0.0374152200
    0.2619142200     0.0372530200
    0.2198518500     0.0360881400
    0.1799334400     0.0341237300
    0.1427263100     0.0314673500
    0.1087602200     0.0282207900
    0.0785193500     0.0245105100
    0.0524493500     0.0203957300
    0.0309421400     0.0160009600
    0.0144048200     0.0112612500
    0.0034676500     0.0058946700
    0.0000000000     0.0000000000
    0.0034676500    -0.0058946700
    0.0144048200    -0.0112612500
    0.0309421400    -0.0160009600
    0.0524493500    -0.0203957200
    0.0785193500    -0.0245105100
    0.1087602200    -0.0282207900
    0.1427263100    -0.0314673500
    0.1799334400    -0.0341237200
    0.2198518500    -0.0360881400
    0.2619142200    -0.0372530200
    0.3055215000    -0.0374152200
    0.3500403300    -0.0362518100
    0.3948295900    -0.0340203800
    0.4392612600    -0.0309892100
    0.4827219500    -0.0273989900
    0.5246168000    -0.0234647500
    0.5643825400    -0.0194546200
    0.6014861000    -0.0156057900
    0.6354252000    -0.0120800000
    0.6657321200    -0.0089435900
    0.6919776500    -0.0061456700
    0.7138191500    -0.0039217800
    0.7309655000    -0.0024303800
    0.7431472000    -0.0013507400
    0.7500000000     0.0000000000
    999.00000000     999.00000000
    0.9562890500    -0.1400000000
    0.9545359400    -0.1384679400
    0.9511993300    -0.1361259900
    0.9464981700    -0.1328377400
    0.9405637200    -0.1285555100
    0.9334536100    -0.1233735600
    0.9252274900    -0.1174170000
    0.9160177500    -0.1107426800
    0.9059483500    -0.1034476900
    0.8951373200    -0.0956624400
    0.8836990300    -0.0875442500
    0.8717513700    -0.0792643900
    0.8594302500    -0.0709840900
    0.8468726100    -0.0628750600
    0.8342150300    -0.0551194100
    0.8215996600    -0.0478983500
    0.8092631500    -0.0412242300
    0.7974123000    -0.0351382400
    0.7862288000    -0.0297038800
    0.7758825400    -0.0249800600
    0.7665343700    -0.0210109800
    0.7583228100    -0.0178538200
    0.7513817500    -0.0155379400
    0.7458178900    -0.0141499600
    0.7417661700    -0.0138763000
    0.7397827000    -0.0150000000
    0.7398012800    -0.0172795900
    0.7420641400    -0.0206516500
    0.7460481000    -0.0247761000
    0.7515242400    -0.0296293000
    0.7583642000    -0.0351621300
    0.7664756100    -0.0412733400
    0.7757396800    -0.0478715600
    0.7860377200    -0.0548395800
    0.7972337700    -0.0620597200
    0.8091819900    -0.0694063900
    0.8217432900    -0.0767210900
    0.8347886700    -0.0838050500
    0.8480901200    -0.0906257700
    0.8614216400    -0.0971560300
    0.8745660300    -0.1033630700
    0.8873157400    -0.1092098300
    0.8994634700    -0.1146798200
    0.9108158200    -0.1197526900
    0.9212008200    -0.1243914000
    0.9304724100    -0.1285371500
    0.9385151600    -0.1321037100
    0.9451909100    -0.1351019800
    0.9503892000    -0.1375291700
    0.9540857000    -0.1392477900
    0.9562890500    -0.1400000000

