modified                                        
 Alfa =   1.47606 Re =   800000.000 Xflap,Yflap =     0.000000    0.000000
#    x        y        Cp  
   1.00000  0.00182  0.31493
   0.99972  0.00190  0.31472
   0.99892  0.00212  0.31370
   0.99767  0.00246  0.31187
   0.99601  0.00293  0.30925
   0.99394  0.00351  0.30583
   0.99149  0.00420  0.30157
   0.98866  0.00500  0.29647
   0.98547  0.00591  0.29047
   0.98193  0.00693  0.28356
   0.97804  0.00805  0.27567
   0.97382  0.00928  0.26678
   0.96928  0.01061  0.25683
   0.96442  0.01204  0.24592
   0.95926  0.01357  0.23404
   0.95379  0.01520  0.22113
   0.94804  0.01692  0.20731
   0.94200  0.01875  0.19225
   0.93569  0.02069  0.17598
   0.92913  0.02273  0.15812
   0.92234  0.02488  0.13823
   0.91534  0.02712  0.11639
   0.90814  0.02945  0.09228
   0.90076  0.03186  0.06604
   0.89321  0.03432  0.03790
   0.88550  0.03683  0.00790
   0.87765  0.03936 -0.02296
   0.86964  0.04190 -0.05450
   0.86148  0.04444 -0.08513
   0.85316  0.04696 -0.11477
   0.84469  0.04946 -0.14241
   0.83604  0.05194 -0.16848
   0.82724  0.05439 -0.19236
   0.81827  0.05683 -0.21723
   0.80916  0.05925 -0.24077
   0.79991  0.06163 -0.26496
   0.79052  0.06398 -0.28868
   0.78100  0.06628 -0.31131
   0.77134  0.06853 -0.33078
   0.76155  0.07071 -0.34887
   0.75162  0.07282 -0.36254
   0.74155  0.07487 -0.37559
   0.73133  0.07686 -0.38302
   0.72097  0.07879 -0.39203
   0.71047  0.08066 -0.39684
   0.69983  0.08249 -0.40067
   0.68907  0.08427 -0.40884
   0.67819  0.08601 -0.41888
   0.66720  0.08771 -0.44276
   0.65611  0.08937 -0.48360
   0.64494  0.09099 -0.53321
   0.63369  0.09256 -0.54071
   0.62236  0.09409 -0.54652
   0.61097  0.09556 -0.55306
   0.59953  0.09699 -0.56037
   0.58804  0.09836 -0.56773
   0.57651  0.09967 -0.57593
   0.56495  0.10093 -0.58416
   0.55336  0.10212 -0.59306
   0.54176  0.10325 -0.60230
   0.53014  0.10432 -0.61206
   0.51851  0.10532 -0.62164
   0.50689  0.10625 -0.63261
   0.49527  0.10710 -0.64237
   0.48367  0.10788 -0.65372
   0.47209  0.10859 -0.66311
   0.46053  0.10922 -0.67424
   0.44900  0.10977 -0.68596
   0.43751  0.11024 -0.69599
   0.42606  0.11062 -0.70462
   0.41466  0.11093 -0.71727
   0.40331  0.11115 -0.72329
   0.39202  0.11128 -0.73548
   0.38079  0.11133 -0.74154
   0.36962  0.11129 -0.75044
   0.35853  0.11116 -0.75682
   0.34752  0.11095 -0.76354
   0.33658  0.11065 -0.76628
   0.32573  0.11026 -0.77711
   0.31497  0.10979 -0.77386
   0.30430  0.10924 -0.78509
   0.29373  0.10861 -0.78499
   0.28327  0.10790 -0.79289
   0.27291  0.10711 -0.78867
   0.26267  0.10625 -0.79887
   0.25255  0.10533 -0.80193
   0.24257  0.10433 -0.80655
   0.23272  0.10326 -0.81182
   0.22301  0.10213 -0.81789
   0.21346  0.10093 -0.82220
   0.20406  0.09967 -0.82335
   0.19483  0.09834 -0.83453
   0.18577  0.09694 -0.84018
   0.17689  0.09547 -0.85035
   0.16818  0.09394 -0.84273
   0.15966  0.09234 -0.85250
   0.15133  0.09067 -0.83973
   0.14318  0.08893 -0.85948
   0.13523  0.08713 -0.85056
   0.12748  0.08526 -0.85235
   0.11993  0.08334 -0.85865
   0.11258  0.08135 -0.85446
   0.10544  0.07931 -0.84684
   0.09852  0.07722 -0.85216
   0.09181  0.07507 -0.84507
   0.08533  0.07287 -0.84944
   0.07908  0.07062 -0.83195
   0.07306  0.06832 -0.83574
   0.06729  0.06596 -0.81077
   0.06174  0.06355 -0.81141
   0.05644  0.06109 -0.78978
   0.05138  0.05858 -0.74953
   0.04657  0.05601 -0.75567
   0.04199  0.05338 -0.69041
   0.03766  0.05070 -0.65623
   0.03356  0.04797 -0.60666
   0.02969  0.04519 -0.52015
   0.02605  0.04237 -0.46296
   0.02263  0.03952 -0.38429
   0.01945  0.03664 -0.31189
   0.01651  0.03374 -0.23859
   0.01380  0.03083 -0.12335
   0.01132  0.02790 -0.01585
   0.00909  0.02497  0.07691
   0.00710  0.02204  0.19010
   0.00535  0.01910  0.30945
   0.00385  0.01617  0.42734
   0.00260  0.01324  0.53573
   0.00159  0.01033  0.67131
   0.00083  0.00743  0.78336
   0.00031  0.00455  0.85706
   0.00004  0.00170  0.94047
   0.00002 -0.00113  0.98566
   0.00024 -0.00391  0.99951
   0.00072 -0.00665  0.98738
   0.00145 -0.00934  0.94479
   0.00245 -0.01197  0.87669
   0.00371 -0.01455  0.77315
   0.00524 -0.01706  0.68280
   0.00704 -0.01953  0.58971
   0.00912 -0.02192  0.43443
   0.01148 -0.02426  0.37944
   0.01412 -0.02654  0.26919
   0.01704 -0.02876  0.19376
   0.02024 -0.03091  0.10786
   0.02373 -0.03301  0.07030
   0.02750 -0.03506  0.02390
   0.03155 -0.03706 -0.03210
   0.03586 -0.03900 -0.07046
   0.04044 -0.04089 -0.11119
   0.04529 -0.04272 -0.13973
   0.05040 -0.04448 -0.15269
   0.05578 -0.04618 -0.18368
   0.06142 -0.04782 -0.20224
   0.06731 -0.04939 -0.21247
   0.07347 -0.05089 -0.21531
   0.07989 -0.05232 -0.22309
   0.08656 -0.05369 -0.24412
   0.09349 -0.05499 -0.24526
   0.10067 -0.05622 -0.25178
   0.10810 -0.05740 -0.24244
   0.11578 -0.05851 -0.24320
   0.12370 -0.05957 -0.24974
   0.13185 -0.06058 -0.24581
   0.14022 -0.06152 -0.24485
   0.14882 -0.06241 -0.25421
   0.15763 -0.06323 -0.24487
   0.16665 -0.06399 -0.24285
   0.17588 -0.06468 -0.24388
   0.18532 -0.06531 -0.24625
   0.19496 -0.06587 -0.23815
   0.20481 -0.06636 -0.23455
   0.21486 -0.06680 -0.22742
   0.22511 -0.06719 -0.21920
   0.23554 -0.06753 -0.21799
   0.24616 -0.06783 -0.21072
   0.25695 -0.06810 -0.21035
   0.26790 -0.06832 -0.20107
   0.27899 -0.06852 -0.20093
   0.29022 -0.06867 -0.20112
   0.30158 -0.06880 -0.19789
   0.31306 -0.06888 -0.19466
   0.32464 -0.06893 -0.19717
   0.33633 -0.06893 -0.19757
   0.34810 -0.06890 -0.19545
   0.35997 -0.06881 -0.19605
   0.37191 -0.06868 -0.19622
   0.38392 -0.06851 -0.19130
   0.39600 -0.06828 -0.19190
   0.40814 -0.06801 -0.18771
   0.42033 -0.06769 -0.19172
   0.43257 -0.06732 -0.18508
   0.44485 -0.06690 -0.18621
   0.45716 -0.06644 -0.18247
   0.46949 -0.06593 -0.18030
   0.48184 -0.06538 -0.17838
   0.49421 -0.06477 -0.17379
   0.50657 -0.06413 -0.17268
   0.51894 -0.06344 -0.17018
   0.53129 -0.06271 -0.16590
   0.54363 -0.06194 -0.16301
   0.55594 -0.06113 -0.15832
   0.56821 -0.06028 -0.15630
   0.58045 -0.05939 -0.15187
   0.59264 -0.05846 -0.14835
   0.60477 -0.05749 -0.14424
   0.61685 -0.05649 -0.14061
   0.62885 -0.05545 -0.13608
   0.64077 -0.05438 -0.13172
   0.65261 -0.05327 -0.12761
   0.66435 -0.05213 -0.12239
   0.67600 -0.05096 -0.11761
   0.68755 -0.04975 -0.11280
   0.69898 -0.04851 -0.10746
   0.71029 -0.04725 -0.10199
   0.72148 -0.04595 -0.09657
   0.73254 -0.04462 -0.09114
   0.74346 -0.04327 -0.08570
   0.75424 -0.04189 -0.08046
   0.76487 -0.04048 -0.07558
   0.77535 -0.03905 -0.07099
   0.78567 -0.03759 -0.06689
   0.79583 -0.03611 -0.06317
   0.80582 -0.03461 -0.05980
   0.81565 -0.03309 -0.05667
   0.82530 -0.03156 -0.05374
   0.83478 -0.03002 -0.05099
   0.84408 -0.02848 -0.04837
   0.85320 -0.02694 -0.04579
   0.86213 -0.02540 -0.02058
   0.87086 -0.02388  0.03382
   0.87938 -0.02238  0.07573
   0.88770 -0.02091  0.10534
   0.89579 -0.01946  0.12605
   0.90366 -0.01806  0.14148
   0.91129 -0.01669  0.15457
   0.91868 -0.01536  0.16647
   0.92581 -0.01408  0.17837
   0.93268 -0.01285  0.18972
   0.93928 -0.01168  0.20130
   0.94560 -0.01056  0.21276
   0.95163 -0.00950  0.22403
   0.95736 -0.00850  0.23516
   0.96279 -0.00758  0.24533
   0.96790 -0.00673  0.25550
   0.97268 -0.00595  0.26450
   0.97711 -0.00524  0.27305
   0.98118 -0.00460  0.28100
   0.98489 -0.00403  0.28871
   0.98822 -0.00353  0.29558
   0.99117 -0.00309  0.30224
   0.99372 -0.00271  0.30795
   0.99587 -0.00240  0.31283
   0.99760 -0.00216  0.31574
   0.99888 -0.00197  0.31723
   0.99971 -0.00186  0.31633
   1.00000 -0.00182  0.31493
